lon lat str1 dip1 rake1 str2 dip2 rake2 sc iexp name

-110.61 26.60 158 63 -153 54 66 -30 7.020 23 090396F        
-117.64 35.87 244 71 -3 335 88 -161 5.360 23 112796B        
-124.75 40.33 97 66 168 192 79 24 4.130 24 012297B        
-109.66 26.03 23 33 -71 181 59 -102 1.470 24 072897D        
-119.19 37.55 238 63 15 141 76 152 1.290 24 110297A        
-113.80 29.38 59 82 4 329 86 172 1.410 24 112697C        
-117.93 36.10 331 53 -157 227 72 -39 7.730 23 030698C        
-109.74 25.19 325 74 -165 231 76 -17 1.050 24 061198B        
-119.39 37.63 182 32 -74 343 59 -100 5.010 23 071598A        
-121.30 36.61 48 85 -1 138 89 -175 7.010 23 081298A        
-122.77 40.04 288 25 -176 194 88 -65 1.420 24 112698E        
-118.76 37.44 291 64 -175 199 85 -26 2.430 24 051599B        
-123.43 47.10 199 34 -61 345 61 -108 6.310 24 070399A        
-117.11 37.58 71 46 -52 203 55 -123 3.950 24 080199F        
-109.47 25.42 209 50 -16 310 78 -138 7.210 23 100899D        
-116.27 34.71 336 80 174 67 85 10 5.980 26 101699C        
-111.54 27.84 309 63 -171 215 82 -27 2.960 24 032400A        
-110.59 26.57 218 62 -18 316 74 -150 11.160 23 011801A        
-122.53 47.14 176 17 -96 2 73 -88 1.760 26 022801L        
-111.29 43.02 11 43 -77 173 48 -102 1.050 24 042101E        
-120.80 39.77 239 84 -5 330 85 -174 7.210 23 081001H        
-109.11 24.60 190 39 -98 20 52 -84 1.350 24 103001A        
-114.99 32.18 141 59 -149 34 64 -35 5.130 24 120801J        
-70.03 28.36 145 30 55 5 66 109 1.360 24 011202C        
-115.39 32.51 190 66 -4 282 87 -156 2.040 24 022202C        
-73.51 44.65 341 15 89 162 75 90 6.060 23 042002D        
-124.34 41.13 332 76 178 63 88 14 10.170 23 061702E        
-117.24 34.20 235 70 1 144 89 160 0.768 24 022203D        
-110.91 26.63 311 81 -171 220 81 -9 3.902 25 031203C        
-113.45 29.34 19 39 -65 168 55 -109 2.952 24 111203D        
-121.15 35.75 296 32 88 119 58 92 0.846 26 122203C        
-110.24 43.59 162 32 -112 8 60 -77 3.095 23 010704A        
-112.60 25.06 317 49 -157 211 73 -43 1.369 24 020904C        
-112.56 25.13 312 37 -138 186 66 -60 1.232 24 020904E        
-121.35 36.03 139 47 141 258 62 50 1.509 23 031704K        
-117.92 32.45 329 61 -170 234 81 -30 4.578 23 061504F        
-124.71 44.30 23 27 112 178 65 79 2.624 23 071204B        
-116.59 29.61 320 74 176 51 86 16 6.529 23 083004A        
-118.69 38.02 330 76 -171 238 81 -15 1.551 24 091804G        
-118.70 38.02 321 83 -174 231 84 -7 1.425 24 091804H        
-112.99 28.82 209 80 1 119 89 170 0.783 25 092404B        
-120.54 35.92 321 72 -178 230 88 -18 1.129 25 092804H        
-120.54 36.00 231 90 0 141 90 180 5.049 23 092904C        
-118.73 35.41 293 71 -169 199 79 -19 4.264 23 092904E        
-120.57 36.02 321 75 -173 229 83 -15 3.277 23 093004C        
-124.86 40.40 96 67 -177 4 87 -23 2.674 23 200503180723A  
-119.18 35.03 274 21 145 37 78 72 6.507 23 200504161918A  
-114.27 30.45 8 45 -100 203 46 -80 5.050 23 200504270032A  
-116.59 33.63 305 53 -179 214 89 -37 0.825 24 200506121541A  
-116.99 34.09 324 47 162 66 77 44 2.544 23 200506162053A  
-112.55 45.37 1 45 -44 125 61 -126 2.837 24 200507260408A  
-104.79 36.90 4 44 -71 158 49 -107 3.834 23 200508102208A  
-115.65 32.92 153 25 -151 36 78 -67 2.098 23 200508312250A  
-115.52 33.23 335 76 -167 241 77 -14 6.611 23 200509020127A  
-112.28 28.32 241 73 -16 336 75 -162 0.929 24 200601040105A  
-112.51 28.38 129 88 178 219 88 2 0.962 26 200601040832A  
-114.46 30.41 221 51 -52 350 52 -127 2.602 23 200605012053A  
-122.85 38.80 168 47 -143 51 63 -49 2.079 23 200605121037B  
-115.28 32.43 32 44 -89 210 46 -91 1.071 24 200605240420A  
-111.36 26.87 38 87 0 308 90 177 0.893 25 200607300121A  
-86.84 26.32 324 28 117 114 65 77 7.908 24 200609101456A  
-110.65 26.18 42 87 1 312 89 177 0.838 25 200702251500A  
-124.90 40.63 331 85 -179 241 89 -5 1.722 24 200702261220A  
-110.70 26.25 353 33 -88 170 57 -91 4.210 23 200702272008A  
-110.69 26.25 322 87 -178 231 88 -3 0.993 25 200703130259A  
-109.80 25.60 307 80 -179 217 89 -10 6.953 23 200703281321A  
-109.81 25.57 306 72 171 39 82 18 1.088 24 200703281428A  
-124.87 41.08 218 85 3 128 87 175 4.636 23 200706250232A  
-109.89 24.76 26 81 -4 117 86 -171 1.907 25 200709011914A  
-109.83 24.82 27 73 11 294 80 163 6.226 23 200709100020B  
-109.93 24.68 359 45 -40 120 63 -128 3.227 23 200709240149A  
-121.78 37.37 324 81 176 54 86 9 2.718 24 200710310304A  
-122.69 40.24 208 44 -62 351 52 -115 3.264 23 200801192313A  
-115.37 32.56 226 79 3 136 87 169 6.456 23 200802090712A  
-115.28 32.46 242 65 2 151 88 155 6.387 23 200802111829A  
-115.34 32.48 132 79 171 224 81 11 4.251 23 200802120432A  
-115.37 32.41 131 60 -172 37 83 -30 5.623 23 200802192241A  
-115.33 32.45 130 52 -158 26 73 -40 2.312 23 200802200128A  
-114.85 41.16 30 40 -86 205 51 -93 1.353 25 200802211416A  
-115.24 32.45 242 67 1 151 89 157 2.808 23 200802221931A  
-87.86 38.49 295 88 1 205 89 178 1.788 24 200804180936A  
-87.91 38.48 305 84 5 214 85 174 2.038 23 200804181514A  
-119.91 39.56 328 86 180 58 90 4 4.125 23 200804260640A  
-123.62 40.83 155 40 -123 15 57 -65 1.362 24 200804300303A  
-117.84 33.93 44 55 29 296 67 141 1.957 24 200807291842A  
-111.12 26.68 37 87 0 127 90 -177 2.071 24 200808070218A  
-124.63 40.29 12 80 3 282 87 170 4.721 23 200810260927A  
-111.15 26.65 132 72 -166 38 77 -19 3.325 23 200810311334A  
-116.39 34.83 253 83 6 162 84 173 6.194 23 200812060418A  
-109.87 25.20 46 87 -1 136 89 -177 0.946 25 200907031100A  
-109.96 25.31 147 71 178 238 88 19 7.009 23 200907032030A  
-106.87 25.28 344 38 -100 176 53 -83 5.189 23 200907120301A  
-113.53 29.22 131 87 178 221 88 3 2.547 26 200908031800A  
-113.75 29.43 132 80 -180 42 90 -10 2.924 25 200908031840A  
-113.93 29.68 65 88 -1 155 89 -178 5.571 24 200908050913A  
-124.57 40.34 199 86 3 108 87 176 3.847 23 200908071049A  
-113.62 29.52 47 64 0 317 90 154 3.490 23 200909130706A  
-115.31 32.37 125 71 -172 33 82 -19 7.217 23 200909192255A  
-117.83 36.37 240 81 6 149 84 171 6.429 23 200910011001A  
-117.82 36.41 214 56 -36 325 61 -141 2.555 23 200910030109A  
-117.78 36.39 231 80 -1 321 89 -170 0.863 24 200910030115A  
-113.28 29.08 40 60 -4 132 86 -150 1.851 23 200912210853A  
-115.17 32.46 328 82 -178 238 88 -8 0.801 25 200912301848A  
-124.81 40.53 233 85 0 143 90 175 0.744 26 201001100027A  
-115.39 32.31 223 84 -2 313 88 -174 0.762 27 201004042240A  
-115.79 32.76 225 57 -23 327 71 -145 5.776 23 201004051114A  
-115.68 32.81 129 63 174 221 85 27 3.760 23 201004051333A  
-114.93 31.98 252 77 9 160 81 167 2.488 23 201004060812A  
-115.26 32.25 125 77 -179 35 89 -13 1.446 24 201004081644A  
-115.08 32.04 129 68 -168 35 79 -22 2.393 23 201004151020B  
-110.83 41.68 185 34 -102 19 57 -82 1.142 23 201004152359A  
-115.76 32.60 124 72 162 219 72 18 3.636 23 201005081833A  
-115.81 32.59 223 70 19 126 72 158 2.452 23 201005081846A  
-115.83 32.58 113 71 -163 17 74 -20 4.819 23 201005221730A  
-115.98 32.66 39 83 -6 129 84 -173 6.298 24 201006150426A  
-75.58 45.97 343 42 99 152 49 82 7.171 23 201006231741A  
-116.51 33.41 318 83 -179 228 89 -7 2.562 24 201007072353A  
-115.20 32.14 221 75 -6 313 84 -165 4.179 23 201009141052A  
-109.23 24.76 140 81 176 230 86 9 3.255 23 201010200339A  
-109.19 24.74 315 79 -173 223 83 -11 0.783 25 201010200409A  
-109.15 24.69 44 65 -4 135 86 -155 5.069 24 201010200415A  
-109.18 24.72 310 80 -170 218 81 -11 6.120 24 201010200658A  
-109.29 24.83 41 85 -1 131 89 -175 1.316 26 201010211753A  
-115.22 32.31 29 67 -6 122 85 -157 2.184 23 201012111252A  
-112.30 38.21 164 44 -156 57 73 -48 1.875 23 201101031206A  
-111.44 27.12 41 80 -7 133 83 -170 3.859 23 201101120238A  
-115.06 32.08 127 67 -180 37 90 -23 6.718 23 201102181747A  
-92.37 35.38 301 71 1 211 89 161 2.050 23 201102280500A  
-109.97 25.27 36 81 3 306 87 171 2.932 24 201103121325A  
-109.80 25.65 207 39 -64 355 55 -110 1.643 24 201103121411A  
-112.05 44.69 299 69 -19 36 73 -158 0.862 23 201104050705A  
-118.71 38.47 212 35 -48 344 65 -115 1.981 23 201104170045A  
-111.46 27.68 33 72 -5 124 85 -162 3.883 23 201104201821A  
-111.54 27.67 126 82 -172 35 82 -8 1.720 24 201104262110A  
-113.12 28.81 130 66 -158 31 70 -25 1.195 24 201104292231A  
-111.53 27.66 38 80 -7 129 83 -170 5.718 23 201105241901A  
-109.63 25.06 42 79 -9 133 81 -169 1.445 25 201107261744A  
-109.73 24.97 17 44 -33 132 68 -129 5.061 23 201107261940A  
-104.65 37.08 163 35 -99 353 55 -84 2.643 23 201108222330A  
-104.59 37.12 203 38 -75 4 54 -101 1.301 24 201108230546A  
-77.93 37.91 21 41 101 186 49 80 4.959 24 201108231751A  
-121.21 36.51 130 78 -176 39 86 -12 2.142 23 201108270718A  
-98.01 29.05 39 44 -118 255 52 -66 1.673 23 201110201224A  
-120.32 39.65 232 88 -1 322 89 -178 2.799 23 201110270637A  
-96.67 35.61 207 73 175 299 85 17 3.905 23 201111050712A  
-96.72 35.61 324 88 -2 54 88 -178 4.631 24 201111060353A  
-96.78 35.50 91 74 6 359 84 164 4.567 23 201111080246A  
-111.78 26.24 153 37 -98 342 54 -84 0.772 24 201112041535A  
-114.05 30.65 48 78 -9 140 81 -168 3.105 23 201112231232A  
-123.79 41.16 1 50 -128 231 53 -54 3.428 24 201202132107A  
-113.09 28.90 134 60 -176 42 86 -30 1.651 25 201204120706A  
-112.76 28.57 131 74 -177 40 87 -16 4.552 26 201204120715A  
-94.46 32.08 61 65 -175 329 86 -25 2.594 23 201205170812A  
-115.37 32.23 25 67 -6 118 84 -157 2.109 23 201207010325A  
-115.24 32.18 119 54 174 213 85 36 2.293 23 201207010636A  
-115.59 32.92 145 77 173 236 84 13 1.548 24 201208261930A  
-115.56 32.95 149 76 -179 58 89 -14 2.126 24 201208262057A  
-114.01 30.66 141 79 -172 49 82 -12 1.311 24 201208272316A  
-110.29 24.92 190 44 -56 326 55 -118 3.141 25 201209252345A  
-110.29 24.85 31 68 -11 125 80 -158 6.437 23 201209281524A  
-109.73 25.17 130 80 -174 39 84 -10 1.205 25 201210080626A  
-113.35 25.39 319 72 171 51 82 19 2.367 23 201210132041A  
-120.89 36.27 64 75 -3 154 87 -165 1.483 24 201210210655A  
-110.19 24.83 313 48 -123 177 51 -59 2.361 23 201211040953A  
-119.61 31.08 213 39 -91 34 51 -90 4.529 25 201212141036A  
-110.28 25.88 130 80 -175 40 85 -10 4.441 24 201301131628A  
-110.28 25.94 43 75 4 312 86 165 2.748 23 201301131704A  
-110.19 25.86 39 83 -3 130 87 -173 1.705 24 201301131750A  
-118.04 38.06 264 62 -5 356 85 -152 9.822 23 201302130010A  
-76.41 45.80 143 45 79 338 46 101 1.524 23 201305171343A  
-121.05 40.23 192 64 -19 291 73 -153 4.723 24 201305240347A  
-120.06 34.45 258 29 32 140 75 115 3.262 23 201305291438A  
-114.26 30.21 224 52 -47 347 55 -131 3.438 23 201306070317A  
-105.90 27.78 1 37 -57 142 60 -112 2.334 23 201309150923A  
-105.72 27.89 22 59 -29 128 65 -145 1.328 24 201309211216A  


